+1.46021
+1.48467
+1.48874
+1.56493
+1.66209
+1.50371
+1.69577
+1.71416
+1.87766
+1.92488
+1.93742
+2.07234
+1.98829
+2.09825
+2.07202
+2.25859
+2.32526
+2.37083
+2.48532
+2.48861
+2.58741
+2.58602
+2.71808
+2.67454
+2.79840
+2.88461
+2.89885
+2.98216
+2.93972
+3.02928
+3.01744
+2.99427
+2.95080
+3.15623
+3.27391
+3.27060
+3.32794
+3.25339
+3.27728
+3.24279
+3.22265
+3.33072
+3.24204
+3.32953
+3.28850
+3.28595
+3.32003
+3.23627
+3.33791
+3.24306
+3.29154
+3.26446
+3.20045
+3.24727
+3.14617
+3.22820
+3.12281
+3.24039
+3.12746
+3.16458
+3.12290
+3.04960
+3.10684
+2.97286
+3.08291
+2.93092
+3.01195
+2.86797
+2.95269
+2.87210
+2.83990
+2.85366
+2.75486
+2.80130
+2.65348
+2.70672
+2.65504
+2.53326
+2.58505
+2.44163
+2.51606
+2.38289
+2.41714
+2.28627
+2.33209
+2.23128
+2.23464
+2.21313
