+0.45848
+0.41253
+0.35005
+0.26342
+0.21986
+0.23824
+0.31787
+0.36590
+0.36679
+0.28458
+0.19710
+0.19216
+0.40654
+0.73073
+1.24102
+1.85987
+2.41011
+2.86855
+3.27936
+3.50640
+3.71163
+3.83804
+3.79900
+3.59769
+3.28192
+2.87337
+2.35954
+1.86961
+1.37840
+0.89488
+0.54306
+0.31546
+0.30041
+0.35104
+0.35174
+0.30238
+0.24103
+0.15124
+0.10035
+0.18240
+0.25221
+0.31880
+0.34179
+0.35866
+0.38984
+0.39241
+0.39815
+0.40326
+0.41348
+0.41967
+0.41518
+0.39584
+0.36249
+0.35027
+0.33916
+0.33303
+0.33309
+0.33884
+0.34300
+0.34608
+0.34895
+0.35820
+0.35863
+0.38229
+0.39656
+0.40366
+0.39382
+0.37187
+0.34014
+0.30702
+0.28189
+0.24638
+0.22614
+0.22132
+0.22991
+0.23857
+0.24760
+0.26576
+0.27931
+0.28193
+0.27155
+0.27467
+0.26716
+0.27097
