+3.16537
+3.35256
+3.28055
+3.42737
+3.32470
+3.39898
+3.47726
+3.43769
+3.58805
+3.51600
+3.68553
+3.61047
+3.74956
+3.67252
+3.77434
+3.74174
+3.72549
+3.92322
+3.84305
+3.99216
+3.84440
+3.99596
+3.91717
+4.01091
+4.07003
+4.07682
+4.15702
+4.11982
+4.23392
+4.14934
+4.28814
+4.23185
+4.30084
+4.21185
+4.24923
+4.31762
+4.21471
+4.37355
+4.20388
+4.42094
+4.23438
+4.38546
+4.28820
+4.27022
+4.35520
+4.37170
+4.56054
+4.45744
+4.67778
+4.43662
+4.49644
+4.41902
+4.52283
+4.50210
+4.28734
+4.51692
+4.29966
+4.47796
+4.28792
+4.42178
+4.36285
+4.33020
+4.39708
+4.20146
+4.32995
+4.05348
+4.24307
+4.04790
+4.07169
+4.05278
+3.94929
+4.03870
+3.85151
+4.01263
+3.82869
+3.89376
+3.78739
+3.76576
+3.75359
+3.67007
+3.64584
+3.51366
+3.49870
