+0.34930
+0.34882
+0.34498
+0.34958
+0.34473
+0.37191
+0.39824
+0.41117
+0.42352
+0.43999
+0.46936
+0.47267
+0.46804
+0.47380
+0.46503
+0.45582
+0.43516
+0.40897
+0.37805
+0.31494
+0.24159
+0.17203
+0.16889
+0.26925
+0.36818
+0.43639
+0.50241
+0.52423
+0.47438
+0.37296
+0.62487
+1.05246
+1.58043
+2.11393
+2.72866
+3.15781
+3.64852
+4.04532
+4.30268
+4.38075
+4.31527
+4.03959
+3.65721
+3.11015
+2.59401
+1.95776
+1.46858
+1.01162
+0.67177
+0.54734
+0.55754
+0.57422
+0.59268
+0.51815
+0.39655
+0.25416
+0.23653
+0.30662
+0.39698
+0.46997
+0.50908
+0.51190
+0.48161
+0.45941
+0.44261
+0.44220
+0.45207
+0.45803
+0.45474
+0.45297
+0.44860
+0.43663
+0.43226
+0.42536
+0.42516
+0.44234
+0.44561
+0.45208
+0.45642
+0.47789
+0.48514
