+2.00000E+2	+1.02951E-1	+2.51639E-2	+1.23087E-2
+2.02000E+2	+1.07224E-1	+2.22670E-2	+1.24260E-2
+2.04000E+2	+9.99908E-2	+2.20980E-2	+1.26991E-2
+2.06000E+2	+1.05499E-1	+2.20163E-2	+1.28413E-2
+2.08000E+2	+1.03531E-1	+2.27605E-2	+1.49742E-2
+2.10000E+2	+1.01334E-1	+2.25043E-2	+1.36396E-2
+2.12000E+2	+1.01990E-1	+2.26139E-2	+1.43241E-2
+2.14000E+2	+1.08429E-1	+2.28612E-2	+1.48395E-2
+2.16000E+2	+1.06567E-1	+2.45760E-2	+1.52021E-2
+2.18000E+2	+1.10687E-1	+2.31704E-2	+1.55646E-2
+2.20000E+2	+1.09863E-1	+2.33253E-2	+1.60283E-2
+2.22000E+2	+1.15692E-1	+2.35502E-2	+1.66119E-2
+2.24000E+2	+1.04874E-1	+2.37965E-2	+1.75658E-2
+2.26000E+2	+1.00952E-1	+2.39397E-2	+1.83269E-2
+2.28000E+2	+1.02707E-1	+2.41921E-2	+1.89576E-2
+2.30000E+2	+1.08185E-1	+2.43980E-2	+1.94494E-2
+2.32000E+2	+1.05469E-1	+2.48045E-2	+2.04228E-2
+2.34000E+2	+1.07330E-1	+2.52443E-2	+2.12015E-2
+2.36000E+2	+1.07498E-1	+2.55259E-2	+2.21046E-2
+2.38000E+2	+1.18423E-1	+2.58659E-2	+2.29100E-2
+2.40000E+2	+1.10687E-1	+2.62185E-2	+2.35864E-2
+2.42000E+2	+1.07529E-1	+2.65809E-2	+2.43067E-2
+2.44000E+2	+1.10718E-1	+2.69009E-2	+2.50729E-2
+2.46000E+2	+1.15814E-1	+2.74206E-2	+2.59204E-2
+2.48000E+2	+1.19705E-1	+2.79804E-2	+2.71901E-2
+2.50000E+2	+1.12686E-1	+2.84758E-2	+2.82305E-2
+2.52000E+2	+1.17081E-1	+2.86879E-2	+2.87001E-2
+2.54000E+2	+1.14609E-1	+2.96010E-2	+3.03283E-2
+2.56000E+2	+1.16501E-1	+3.03733E-2	+3.19941E-2
+2.58000E+2	+1.18683E-1	+3.16650E-2	+3.43251E-2
+2.60000E+2	+1.31332E-1	+3.26897E-2	+3.62686E-2
+2.62000E+2	+1.27869E-1	+3.40653E-2	+3.86145E-2
+2.64000E+2	+1.29242E-1	+3.50169E-2	+4.02935E-2
+2.66000E+2	+1.32675E-1	+3.61269E-2	+4.19909E-2
+2.68000E+2	+1.34430E-1	+3.75930E-2	+4.42649E-2
+2.70000E+2	+1.44241E-1	+3.94421E-2	+4.69964E-2
+2.72000E+2	+1.36719E-1	+4.13234E-2	+5.02047E-2
+2.74000E+2	+1.50696E-1	+4.31729E-2	+5.33836E-2
+2.76000E+2	+1.42273E-1	+4.51897E-2	+5.67591E-2
+2.78000E+2	+1.49033E-1	+4.82893E-2	+6.17363E-2
+2.80000E+2	+1.43631E-1	+5.14283E-2	+6.65374E-2
+2.82000E+2	+1.54984E-1	+5.50999E-2	+7.22925E-2
+2.84000E+2	+1.60217E-1	+5.95727E-2	+7.90491E-2
+2.86000E+2	+1.72974E-1	+6.46538E-2	+8.66892E-2
+2.88000E+2	+1.75842E-1	+7.19825E-2	+9.75129E-2
+2.90000E+2	+2.00760E-1	+8.19320E-2	+1.12138E-1
+2.92000E+2	+2.08298E-1	+9.28128E-2	+1.27943E-1
+2.94000E+2	+2.29187E-1	+1.08112E-1	+1.50115E-1
+2.96000E+2	+2.59064E-1	+1.29199E-1	+1.80353E-1
+2.98000E+2	+3.08701E-1	+1.61670E-1	+2.26702E-1
+3.00000E+2	+3.77640E-1	+2.11238E-1	+2.97201E-1
+3.02000E+2	+4.48700E-1	+2.63531E-1	+3.71369E-1
+3.04000E+2	+4.59671E-1	+2.66093E-1	+3.75050E-1
+3.06000E+2	+3.74069E-1	+2.07712E-1	+2.92143E-1
+3.08000E+2	+3.06900E-1	+1.60873E-1	+2.25564E-1
+3.10000E+2	+2.50443E-1	+1.24350E-1	+1.73330E-1
+3.12000E+2	+2.23694E-1	+1.00359E-1	+1.38868E-1
+3.14000E+2	+1.98715E-1	+8.61865E-2	+1.18307E-1
+3.16000E+2	+2.08298E-1	+8.23952E-2	+1.12190E-1
+3.18000E+2	+2.00958E-1	+8.20635E-2	+1.12155E-1
+3.20000E+2	+1.90125E-1	+7.60275E-2	+1.03485E-1
+3.22000E+2	+1.75003E-1	+6.66645E-2	+8.96586E-2
+3.24000E+2	+1.64902E-1	+5.80119E-2	+7.66366E-2
+3.26000E+2	+1.52496E-1	+5.13068E-2	+6.64676E-2
+3.28000E+2	+1.47507E-1	+4.65269E-2	+5.88988E-2
+3.30000E+2	+1.42258E-1	+4.29015E-2	+5.31890E-2
+3.32000E+2	+1.38916E-1	+4.01274E-2	+4.86601E-2
+3.34000E+2	+1.35468E-1	+3.79162E-2	+4.49546E-2
+3.36000E+2	+1.30341E-1	+3.60582E-2	+4.16701E-2
+3.38000E+2	+1.21109E-1	+3.39831E-2	+3.81705E-2
+3.40000E+2	+1.33621E-1	+3.22282E-2	+3.48899E-2
+3.42000E+2	+1.15234E-1	+3.05221E-2	+3.17016E-2
+3.44000E+2	+1.20026E-1	+3.10843E-2	+3.29234E-2
+3.46000E+2	+1.20178E-1	+2.99826E-2	+3.06662E-2
+3.48000E+2	+1.21017E-1	+2.88648E-2	+2.85998E-2
+3.50000E+2	+1.09344E-1	+2.80428E-2	+2.65527E-2
+3.52000E+2	+1.10107E-1	+2.69066E-2	+2.44120E-2
+3.54000E+2	+1.09909E-1	+2.59087E-2	+2.23987E-2
+3.56000E+2	+1.14166E-1	+2.51456E-2	+2.05484E-2
+3.58000E+2	+1.05743E-1	+2.46136E-2	+1.88782E-2
+3.60000E+2	+1.06445E-1	+2.39585E-2	+1.71765E-2
+3.62000E+2	+1.06934E-1	+2.33902E-2	+1.55909E-2
+3.64000E+2	+1.04843E-1	+2.28468E-2	+1.38420E-2
+3.66000E+2	+1.05377E-1	+2.28033E-2	+1.36280E-2
+3.68000E+2	+1.05026E-1	+2.28152E-2	+1.35735E-2
+3.70000E+2	+9.81140E-2	+2.26248E-2	+1.31539E-2
+3.72000E+2	+1.05865E-1	+2.20952E-2	+1.18790E-2
+3.74000E+2	+1.07193E-1	+2.19649E-2	+1.04374E-2
+3.76000E+2	+9.80682E-2	+2.18302E-2	+9.37111E-3
+3.78000E+2	+9.98230E-2	+2.19098E-2	+9.60004E-3
+3.80000E+2	+1.03104E-1	+2.23003E-2	+1.06366E-2
+3.82000E+2	+1.05240E-1	+2.30412E-2	+1.31944E-2
+3.84000E+2	+1.10123E-1	+2.42614E-2	+1.64952E-2
+3.86000E+2	+1.09100E-1	+2.56931E-2	+2.08753E-2
+3.88000E+2	+1.18622E-1	+2.80344E-2	+2.65035E-2
+3.90000E+2	+1.18759E-1	+3.02420E-2	+3.13566E-2
+3.92000E+2	+1.23337E-1	+3.17828E-2	+3.40151E-2
+3.94000E+2	+1.22223E-1	+3.10622E-2	+3.26063E-2
+3.96000E+2	+1.30981E-1	+3.08004E-2	+3.20873E-2
+3.98000E+2	+1.18073E-1	+3.12678E-2	+3.29250E-2
+4.00000E+2	+1.18759E-1	+3.31100E-2	+3.62718E-2
+4.02000E+2	+1.21475E-1	+3.42029E-2	+3.83800E-2
+4.04000E+2	+1.37527E-1	+3.44926E-2	+3.89770E-2
+4.06000E+2	+1.37390E-1	+3.62334E-2	+4.18359E-2
+4.08000E+2	+1.34415E-1	+3.79382E-2	+4.48001E-2
+4.10000E+2	+1.31912E-1	+4.07957E-2	+4.96409E-2
+4.12000E+2	+1.36795E-1	+4.44893E-2	+5.56094E-2
+4.14000E+2	+1.52695E-1	+4.85874E-2	+6.19890E-2
+4.16000E+2	+1.55304E-1	+5.24505E-2	+6.77330E-2
+4.18000E+2	+1.64413E-1	+5.57301E-2	+7.26485E-2
+4.20000E+2	+1.60095E-1	+5.70619E-2	+7.51114E-2
+4.22000E+2	+1.57669E-1	+5.57986E-2	+7.32601E-2
+4.24000E+2	+1.51047E-1	+5.58733E-2	+7.34028E-2
+4.26000E+2	+1.75385E-1	+5.94032E-2	+7.87136E-2
+4.28000E+2	+1.73157E-1	+6.41307E-2	+8.58470E-2
+4.30000E+2	+1.70837E-1	+6.58268E-2	+8.83446E-2
+4.32000E+2	+1.81961E-1	+7.19799E-2	+9.75038E-2
+4.34000E+2	+1.99020E-1	+8.06957E-2	+1.10275E-1
+4.36000E+2	+2.16797E-1	+9.66651E-2	+1.33486E-1
+4.38000E+2	+2.48764E-1	+1.16223E-1	+1.61731E-1
+4.40000E+2	+2.88071E-1	+1.43734E-1	+2.01071E-1
+4.42000E+2	+3.21396E-1	+1.76622E-1	+2.48053E-1
+4.44000E+2	+3.64349E-1	+2.02862E-1	+2.84983E-1
+4.46000E+2	+3.71155E-1	+2.09562E-1	+2.94871E-1
+4.48000E+2	+3.60291E-1	+1.99617E-1	+2.80705E-1
+4.50000E+2	+3.38272E-1	+1.85778E-1	+2.60690E-1
+4.52000E+2	+3.18451E-1	+1.71804E-1	+2.41156E-1
+4.54000E+2	+3.07587E-1	+1.59952E-1	+2.24097E-1
+4.56000E+2	+3.04230E-1	+1.51300E-1	+2.11646E-1
+4.58000E+2	+2.92480E-1	+1.46669E-1	+2.05173E-1
+4.60000E+2	+2.79984E-1	+1.41937E-1	+1.98451E-1
+4.62000E+2	+2.72125E-1	+1.37603E-1	+1.92204E-1
+4.64000E+2	+2.66357E-1	+1.30862E-1	+1.82690E-1
+4.66000E+2	+2.55051E-1	+1.23865E-1	+1.72593E-1
+4.68000E+2	+2.57095E-1	+1.18690E-1	+1.65088E-1
+4.70000E+2	+2.40402E-1	+1.14463E-1	+1.59031E-1
+4.72000E+2	+2.37045E-1	+1.11145E-1	+1.54203E-1
+4.74000E+2	+2.32437E-1	+1.07537E-1	+1.48952E-1
+4.76000E+2	+2.28851E-1	+1.05647E-1	+1.46361E-1
+4.78000E+2	+2.27585E-1	+1.04139E-1	+1.44089E-1
+4.80000E+2	+2.32162E-1	+1.03028E-1	+1.42516E-1
+4.82000E+2	+2.26288E-1	+1.03312E-1	+1.42998E-1
+4.84000E+2	+2.23312E-1	+1.02597E-1	+1.41817E-1
+4.86000E+2	+2.29797E-1	+1.01408E-1	+1.40136E-1
+4.88000E+2	+2.30148E-1	+1.01914E-1	+1.40968E-1
+4.90000E+2	+2.28561E-1	+1.03941E-1	+1.43802E-1
+4.92000E+2	+2.34665E-1	+1.07510E-1	+1.49036E-1
+4.94000E+2	+2.42157E-1	+1.10618E-1	+1.53554E-1
+4.96000E+2	+2.46918E-1	+1.14100E-1	+1.58486E-1
+4.98000E+2	+2.51587E-1	+1.15713E-1	+1.60855E-1
+5.00000E+2	+2.49481E-1	+1.17502E-1	+1.63524E-1
+5.02000E+2	+2.60574E-1	+1.21164E-1	+1.68694E-1
+5.04000E+2	+2.70508E-1	+1.27275E-1	+1.77480E-1
+5.06000E+2	+2.69363E-1	+1.32974E-1	+1.85630E-1
+5.08000E+2	+2.69028E-1	+1.36131E-1	+1.90213E-1
+5.10000E+2	+2.89642E-1	+1.42917E-1	+1.99902E-1
+5.12000E+2	+2.96738E-1	+1.50932E-1	+2.11290E-1
+5.14000E+2	+3.19946E-1	+1.60555E-1	+2.25077E-1
+5.16000E+2	+3.22968E-1	+1.68504E-1	+2.36106E-1
+5.18000E+2	+3.27194E-1	+1.76700E-1	+2.47952E-1
+5.20000E+2	+3.48587E-1	+1.90349E-1	+2.67324E-1
+5.22000E+2	+3.81226E-1	+2.07641E-1	+2.91886E-1
+5.24000E+2	+4.04770E-1	+2.29870E-1	+3.23578E-1
+5.26000E+2	+4.35120E-1	+2.54724E-1	+3.58640E-1
+5.28000E+2	+4.75800E-1	+2.79826E-1	+3.94444E-1
+5.30000E+2	+5.16937E-1	+3.12853E-1	+4.41095E-1
+5.32000E+2	+5.80063E-1	+3.55984E-1	+5.02414E-1
+5.34000E+2	+6.42883E-1	+3.96284E-1	+5.58586E-1
+5.36000E+2	+6.86188E-1	+4.29469E-1	+6.06075E-1
+5.38000E+2	+7.22702E-1	+4.59956E-1	+6.49168E-1
+5.40000E+2	+7.32986E-1	+4.67743E-1	+6.60090E-1
+5.42000E+2	+6.75873E-1	+4.27033E-1	+6.01816E-1
+5.44000E+2	+5.99792E-1	+3.69676E-1	+5.21586E-1
+5.46000E+2	+5.32455E-1	+3.17860E-1	+4.48012E-1
+5.48000E+2	+4.63470E-1	+2.76243E-1	+3.89227E-1
+5.50000E+2	+4.22623E-1	+2.40048E-1	+3.37579E-1
+5.52000E+2	+3.83774E-1	+2.13130E-1	+2.99707E-1
+5.54000E+2	+3.53363E-1	+1.90117E-1	+2.66681E-1
+5.56000E+2	+3.23471E-1	+1.72546E-1	+2.42117E-1
+5.58000E+2	+3.01605E-1	+1.54453E-1	+2.16408E-1
+5.60000E+2	+2.80548E-1	+1.38603E-1	+1.93669E-1
+5.62000E+2	+2.56027E-1	+1.24331E-1	+1.73305E-1
+5.64000E+2	+2.36908E-1	+1.09576E-1	+1.52012E-1
+5.66000E+2	+2.17087E-1	+9.58250E-2	+1.32163E-1
+5.68000E+2	+2.00928E-1	+8.42231E-2	+1.15065E-1
+5.70000E+2	+1.79901E-1	+7.50645E-2	+1.01778E-1
+5.72000E+2	+1.65939E-1	+6.47256E-2	+8.63449E-2
+5.74000E+2	+1.55426E-1	+5.65932E-2	+7.41920E-2
+5.76000E+2	+1.54358E-1	+5.07363E-2	+6.51854E-2
+5.78000E+2	+1.40915E-1	+4.77144E-2	+6.05306E-2
+5.80000E+2	+1.47888E-1	+4.73494E-2	+5.99850E-2
+5.82000E+2	+1.50299E-1	+4.90997E-2	+6.26984E-2
+5.84000E+2	+1.64429E-1	+5.26464E-2	+6.81126E-2
+5.86000E+2	+1.63727E-1	+5.84653E-2	+7.70249E-2
+5.88000E+2	+1.83167E-1	+6.77960E-2	+9.10760E-2
+5.90000E+2	+1.99402E-1	+8.35290E-2	+1.14085E-1
+5.92000E+2	+2.32147E-1	+1.07046E-1	+1.48401E-1
+5.94000E+2	+2.79892E-1	+1.42165E-1	+1.98699E-1
+5.96000E+2	+3.58643E-1	+1.92965E-1	+2.71266E-1
+5.98000E+2	+4.59869E-1	+2.63912E-1	+3.71999E-1
+6.00000E+2	+5.72235E-1	+3.49241E-1	+4.92238E-1
+6.02000E+2	+6.65436E-1	+4.16045E-1	+5.87575E-1
+6.04000E+2	+6.72058E-1	+4.20030E-1	+5.93230E-1
+6.06000E+2	+6.08765E-1	+3.75617E-1	+5.29913E-1
+6.08000E+2	+5.42419E-1	+3.24426E-1	+4.57776E-1
+6.10000E+2	+4.79477E-1	+2.79509E-1	+3.94133E-1
+6.12000E+2	+4.44305E-1	+2.46007E-1	+3.46273E-1
+6.14000E+2	+3.85452E-1	+2.18323E-1	+3.07270E-1
+6.16000E+2	+3.59528E-1	+1.96596E-1	+2.75576E-1
+6.18000E+2	+3.36975E-1	+1.79670E-1	+2.51945E-1
+6.20000E+2	+3.05420E-1	+1.66715E-1	+2.33509E-1
+6.22000E+2	+3.00461E-1	+1.56498E-1	+2.19226E-1
+6.24000E+2	+2.86163E-1	+1.46256E-1	+2.04389E-1
+6.26000E+2	+2.78305E-1	+1.37731E-1	+1.92347E-1
+6.28000E+2	+2.66495E-1	+1.30449E-1	+1.81559E-1
+6.30000E+2	+2.53601E-1	+1.24274E-1	+1.72978E-1
+6.32000E+2	+2.49695E-1	+1.18086E-1	+1.63984E-1
+6.34000E+2	+2.58591E-1	+1.14622E-1	+1.59064E-1
+6.36000E+2	+2.36679E-1	+1.10489E-1	+1.53247E-1
+6.38000E+2	+2.29202E-1	+1.06027E-1	+1.46775E-1
+6.40000E+2	+2.26730E-1	+1.02996E-1	+1.42436E-1
+6.42000E+2	+2.19971E-1	+9.89934E-2	+1.36611E-1
+6.44000E+2	+2.22504E-1	+9.51219E-2	+1.31075E-1
+6.46000E+2	+2.27905E-1	+9.47145E-2	+1.30369E-1
+6.48000E+2	+2.08328E-1	+9.20480E-2	+1.26529E-1
+6.50000E+2	+2.09579E-1	+9.07955E-2	+1.24707E-1
+6.52000E+2	+2.05551E-1	+8.88275E-2	+1.21757E-1
+6.54000E+2	+2.07642E-1	+8.61035E-2	+1.17680E-1
+6.56000E+2	+2.00378E-1	+8.43400E-2	+1.15443E-1
+6.58000E+2	+1.98517E-1	+8.39897E-2	+1.14535E-1
+6.60000E+2	+1.99799E-1	+8.36803E-2	+1.14312E-1
+6.62000E+2	+1.98212E-1	+8.37946E-2	+1.14408E-1
+6.64000E+2	+1.99890E-1	+8.29933E-2	+1.13370E-1
+6.66000E+2	+1.91238E-1	+8.22534E-2	+1.12239E-1
+6.68000E+2	+1.99387E-1	+8.00366E-2	+1.09079E-1
+6.70000E+2	+2.00638E-1	+8.40013E-2	+1.14776E-1
+6.72000E+2	+2.10526E-1	+9.28448E-2	+1.27764E-1
+6.74000E+2	+2.19620E-1	+9.98385E-2	+1.37681E-1
+6.76000E+2	+2.29385E-1	+1.03389E-1	+1.42841E-1
+6.78000E+2	+2.32391E-1	+1.04615E-1	+1.44767E-1
+6.80000E+2	+2.41440E-1	+1.05722E-1	+1.46266E-1
+6.82000E+2	+2.34238E-1	+1.05432E-1	+1.46022E-1
+6.84000E+2	+2.31461E-1	+1.04541E-1	+1.44714E-1
+6.86000E+2	+2.30743E-1	+1.08218E-1	+1.49985E-1
+6.88000E+2	+2.29980E-1	+1.11254E-1	+1.54398E-1
+6.90000E+2	+2.48352E-1	+1.17131E-1	+1.62872E-1
+6.92000E+2	+2.59552E-1	+1.25134E-1	+1.74253E-1
+6.94000E+2	+2.66495E-1	+1.30944E-1	+1.82686E-1
+6.96000E+2	+2.75024E-1	+1.42824E-1	+1.99706E-1
+6.98000E+2	+2.99957E-1	+1.54175E-1	+2.15697E-1
+7.00000E+2	+3.14728E-1	+1.63291E-1	+2.28759E-1
+7.02000E+2	+3.31207E-1	+1.76478E-1	+2.47668E-1
+7.04000E+2	+3.36334E-1	+1.84546E-1	+2.59224E-1
+7.06000E+2	+3.39355E-1	+1.87567E-1	+2.62857E-1
+7.08000E+2	+3.40851E-1	+1.82916E-1	+2.56889E-1
+7.10000E+2	+3.41217E-1	+1.83588E-1	+2.57174E-1
+7.12000E+2	+3.13354E-1	+1.63100E-1	+2.28407E-1
+7.14000E+2	+2.89368E-1	+1.41465E-1	+1.97700E-1
+7.16000E+2	+2.48367E-1	+1.16030E-1	+1.60825E-1
+7.18000E+2	+2.17606E-1	+9.22397E-2	+1.26876E-1
+7.20000E+2	+1.89392E-1	+7.42189E-2	+1.00374E-1
+7.22000E+2	+1.87088E-1	+7.68752E-2	+1.04380E-1
+7.24000E+2	+1.78589E-1	+6.70462E-2	+8.97348E-2
+7.26000E+2	+1.46255E-1	+4.81306E-2	+6.08684E-2
+7.28000E+2	+1.36093E-1	+4.16959E-2	+5.05004E-2
+7.30000E+2	+1.31485E-1	+3.65621E-2	+4.17514E-2
+7.32000E+2	+1.37421E-1	+4.38264E-2	+5.40340E-2
+7.34000E+2	+1.63300E-1	+6.25242E-2	+8.29257E-2
+7.36000E+2	+1.87363E-1	+7.76715E-2	+1.05477E-1
+7.38000E+2	+2.26761E-1	+9.94838E-2	+1.37249E-1
+7.40000E+2	+2.46063E-1	+1.20224E-1	+1.67047E-1
+7.42000E+2	+2.98080E-1	+1.52613E-1	+2.13541E-1
+7.44000E+2	+3.55804E-1	+1.94360E-1	+2.72728E-1
+7.46000E+2	+4.22470E-1	+2.43546E-1	+3.42739E-1
+7.48000E+2	+4.89502E-1	+2.90747E-1	+4.09553E-1
+7.50000E+2	+5.29007E-1	+3.16516E-1	+4.44883E-1
+7.52000E+2	+5.34027E-1	+3.13413E-1	+4.42135E-1
+7.54000E+2	+5.02869E-1	+3.00008E-1	+4.21279E-1
+7.56000E+2	+4.89578E-1	+2.88117E-1	+4.06319E-1
+7.58000E+2	+4.86832E-1	+2.83238E-1	+3.97723E-1
+7.60000E+2	+4.82071E-1	+2.85921E-1	+4.03202E-1
+7.62000E+2	+4.87091E-1	+2.88301E-1	+4.05890E-1
+7.64000E+2	+4.96246E-1	+2.98933E-1	+4.21675E-1
+7.66000E+2	+5.19928E-1	+3.11270E-1	+4.38652E-1
+7.68000E+2	+5.17853E-1	+3.09236E-1	+4.36157E-1
+7.70000E+2	+4.65073E-1	+2.74493E-1	+3.86298E-1
+7.72000E+2	+3.92975E-1	+2.22770E-1	+3.13535E-1
+7.74000E+2	+3.19321E-1	+1.75568E-1	+2.46328E-1
+7.76000E+2	+2.61063E-1	+1.27531E-1	+1.77417E-1
+7.78000E+2	+2.06726E-1	+8.87669E-2	+1.21761E-1
+7.80000E+2	+1.66519E-1	+5.88092E-2	+7.74093E-2
+7.82000E+2	+1.47507E-1	+4.23156E-2	+5.14976E-2
+7.84000E+2	+1.20865E-1	+2.87255E-2	+2.71795E-2
+7.86000E+2	+9.80225E-2	+2.24504E-2	+9.47727E-3
+7.88000E+2	+9.66949E-2	+2.23585E-2	+9.21583E-3
+7.90000E+2	+1.13144E-1	+2.58585E-2	+2.04727E-2
+7.92000E+2	+1.14761E-1	+2.98059E-2	+2.90211E-2
+7.94000E+2	+1.23383E-1	+3.23630E-2	+3.42278E-2
+7.96000E+2	+1.30417E-1	+3.54767E-2	+3.99088E-2
+7.98000E+2	+1.28235E-1	+3.73753E-2	+4.31796E-2
+8.00000E+2	+1.32065E-1	+3.89287E-2	+4.59722E-2
+8.02000E+2	+1.38306E-1	+4.11876E-2	+4.97044E-2
+8.04000E+2	+1.35071E-1	+4.30738E-2	+5.29252E-2
+8.06000E+2	+1.44516E-1	+4.47328E-2	+5.54670E-2
+8.08000E+2	+1.46393E-1	+4.72992E-2	+5.95504E-2
+8.10000E+2	+1.44196E-1	+4.93796E-2	+6.25832E-2
+8.12000E+2	+1.47842E-1	+5.12981E-2	+6.58218E-2
+8.14000E+2	+1.48621E-1	+5.45491E-2	+7.07596E-2
+8.16000E+2	+1.73370E-1	+5.85024E-2	+7.58844E-2
+8.18000E+2	+1.70319E-1	+6.24899E-2	+8.27073E-2
+8.20000E+2	+1.77032E-1	+6.78222E-2	+9.09297E-2
+8.22000E+2	+1.90994E-1	+7.55864E-2	+1.02390E-1
+8.24000E+2	+1.96716E-1	+8.53147E-2	+1.16535E-1
+8.26000E+2	+2.14218E-1	+9.67079E-2	+1.33282E-1
+8.28000E+2	+2.43057E-1	+1.14490E-1	+1.58631E-1
+8.30000E+2	+2.82928E-1	+1.37547E-1	+1.91949E-1
+8.32000E+2	+3.08960E-1	+1.63536E-1	+2.28948E-1
+8.34000E+2	+3.49915E-1	+1.88477E-1	+2.64743E-1
+8.36000E+2	+3.83469E-1	+2.19106E-1	+3.07299E-1
+8.38000E+2	+4.36615E-1	+2.50490E-1	+3.52781E-1
+8.40000E+2	+4.59351E-1	+2.62158E-1	+3.68910E-1
+8.42000E+2	+4.51569E-1	+2.58365E-1	+3.63384E-1
+8.44000E+2	+4.34860E-1	+2.43333E-1	+3.42720E-1
+8.46000E+2	+4.00955E-1	+2.28758E-1	+3.21491E-1
+8.48000E+2	+3.74100E-1	+2.10425E-1	+2.95822E-1
+8.50000E+2	+3.54156E-1	+1.93691E-1	+2.71693E-1
+8.52000E+2	+3.35373E-1	+1.81534E-1	+2.54036E-1
+8.54000E+2	+3.28476E-1	+1.73785E-1	+2.43823E-1
+8.56000E+2	+3.20450E-1	+1.69326E-1	+2.36473E-1
+8.58000E+2	+3.19946E-1	+1.65894E-1	+2.32301E-1
+8.60000E+2	+3.19031E-1	+1.64282E-1	+2.29806E-1
+8.62000E+2	+3.12378E-1	+1.60768E-1	+2.25274E-1
+8.64000E+2	+3.06503E-1	+1.56807E-1	+2.19503E-1
+8.66000E+2	+3.07571E-1	+1.54678E-1	+2.16443E-1
+8.68000E+2	+3.07114E-1	+1.55231E-1	+2.16982E-1
+8.70000E+2	+3.15109E-1	+1.59237E-1	+2.23081E-1
+8.72000E+2	+3.11981E-1	+1.61594E-1	+2.26142E-1
+8.74000E+2	+3.17429E-1	+1.66785E-1	+2.33460E-1
+8.76000E+2	+3.24921E-1	+1.71407E-1	+2.40498E-1
+8.78000E+2	+3.20526E-1	+1.73072E-1	+2.42323E-1
+8.80000E+2	+3.24020E-1	+1.71427E-1	+2.39123E-1
+8.82000E+2	+3.33862E-1	+1.72772E-1	+2.42420E-1
+8.84000E+2	+3.18161E-1	+1.66615E-1	+2.32993E-1
+8.86000E+2	+2.94327E-1	+1.52594E-1	+2.13567E-1
+8.88000E+2	+2.75665E-1	+1.33058E-1	+1.84909E-1
+8.90000E+2	+2.80670E-1	+1.41413E-1	+1.97575E-1
+8.92000E+2	+3.40698E-1	+1.81617E-1	+2.54004E-1
+8.94000E+2	+3.95599E-1	+2.24896E-1	+3.15769E-1
+8.96000E+2	+4.36142E-1	+2.52554E-1	+3.52031E-1
+8.98000E+2	+4.86893E-1	+2.83784E-1	+4.00149E-1
+9.00000E+2	+5.33798E-1	+3.23886E-1	+4.56999E-1
+9.02000E+2	+5.97733E-1	+3.63824E-1	+5.13625E-1
+9.04000E+2	+6.26923E-1	+3.81579E-1	+5.38771E-1
+9.06000E+2	+5.85770E-1	+3.54698E-1	+4.99855E-1
+9.08000E+2	+4.88785E-1	+2.87273E-1	+4.05080E-1
+9.10000E+2	+3.92960E-1	+2.24500E-1	+3.15830E-1
+9.12000E+2	+3.29102E-1	+1.78237E-1	+2.50213E-1
+9.14000E+2	+2.94754E-1	+1.45138E-1	+2.02172E-1
+9.16000E+2	+2.59811E-1	+1.21859E-1	+1.69079E-1
+9.18000E+2	+2.35245E-1	+1.09632E-1	+1.51252E-1
+9.20000E+2	+2.39975E-1	+1.10436E-1	+1.52804E-1
+9.22000E+2	+2.53387E-1	+1.21557E-1	+1.69036E-1
+9.24000E+2	+2.87430E-1	+1.42665E-1	+1.99214E-1
+9.26000E+2	+3.42331E-1	+1.75678E-1	+2.46491E-1
+9.28000E+2	+3.89114E-1	+2.14974E-1	+3.01790E-1
+9.30000E+2	+4.38293E-1	+2.54390E-1	+3.58444E-1
+9.32000E+2	+5.00992E-1	+2.96808E-1	+4.17830E-1
+9.34000E+2	+5.27954E-1	+3.20378E-1	+4.52023E-1
+9.36000E+2	+5.36392E-1	+3.22578E-1	+4.54906E-1
+9.38000E+2	+5.31464E-1	+3.19936E-1	+4.50351E-1
+9.40000E+2	+5.28671E-1	+3.18486E-1	+4.48952E-1
+9.42000E+2	+5.19135E-1	+3.20047E-1	+4.51036E-1
+9.44000E+2	+5.25101E-1	+3.17738E-1	+4.46455E-1
+9.46000E+2	+5.17731E-1	+3.11239E-1	+4.38376E-1
+9.48000E+2	+5.04501E-1	+2.98151E-1	+4.19363E-1
+9.50000E+2	+4.90570E-1	+2.81101E-1	+3.95520E-1
+9.52000E+2	+4.54407E-1	+2.62207E-1	+3.68295E-1
+9.54000E+2	+4.30801E-1	+2.45517E-1	+3.45796E-1
+9.56000E+2	+4.03671E-1	+2.31620E-1	+3.24268E-1
+9.58000E+2	+3.88885E-1	+2.21324E-1	+3.11388E-1
+9.60000E+2	+3.80676E-1	+2.11250E-1	+2.96444E-1
+9.62000E+2	+3.64059E-1	+2.04336E-1	+2.87336E-1
+9.64000E+2	+3.67661E-1	+1.99216E-1	+2.79320E-1
+9.66000E+2	+3.61908E-1	+1.93618E-1	+2.72080E-1
+9.68000E+2	+3.49533E-1	+1.88136E-1	+2.64270E-1
+9.70000E+2	+3.39722E-1	+1.84528E-1	+2.59124E-1
+9.72000E+2	+3.41461E-1	+1.81042E-1	+2.54169E-1
+9.74000E+2	+3.31146E-1	+1.78144E-1	+2.50058E-1
+9.76000E+2	+3.38577E-1	+1.76758E-1	+2.48042E-1
+9.78000E+2	+3.40820E-1	+1.76001E-1	+2.46967E-1
+9.80000E+2	+3.34427E-1	+1.76274E-1	+2.47306E-1
+9.82000E+2	+3.36533E-1	+1.75280E-1	+2.45253E-1
+9.84000E+2	+3.28323E-1	+1.74484E-1	+2.44799E-1
+9.86000E+2	+3.30338E-1	+1.75532E-1	+2.45499E-1
+9.88000E+2	+3.34717E-1	+1.78079E-1	+2.48255E-1
+9.90000E+2	+3.28217E-1	+1.81475E-1	+2.54795E-1
+9.92000E+2	+3.51593E-1	+1.87815E-1	+2.62995E-1
+9.94000E+2	+3.56766E-1	+1.93534E-1	+2.71732E-1
+9.96000E+2	+3.54950E-1	+1.98604E-1	+2.78225E-1
+9.98000E+2	+3.68362E-1	+2.07112E-1	+2.90103E-1
+1.00000E+3	+3.90747E-1	+2.17614E-1	+3.05517E-1
