-1.09611E+1	-5.76165E-1
-1.09602E+1	-5.76145E-1
-1.09522E+1	-5.76137E-1
-1.09491E+1	-5.76123E-1
-1.09467E+1	-5.76115E-1
-1.09398E+1	-5.76117E-1
-1.09309E+1	-5.76113E-1
-1.09261E+1	-5.76108E-1
-1.09184E+1	-5.76104E-1
-1.09108E+1	-5.76100E-1
-1.08994E+1	-5.76097E-1
-1.08869E+1	-5.76096E-1
-1.08739E+1	-5.76086E-1
-1.08586E+1	-5.76089E-1
-1.08421E+1	-5.76087E-1
-1.08246E+1	-5.76084E-1
-1.08052E+1	-5.76090E-1
-1.07892E+1	-5.76082E-1
-1.07790E+1	-5.76086E-1
-1.07696E+1	-5.76083E-1
-1.07556E+1	-5.76084E-1
-1.07419E+1	-5.76098E-1
-1.07335E+1	-5.76105E-1
-1.07247E+1	-5.76099E-1
-1.07146E+1	-5.76098E-1
-1.07070E+1	-5.76098E-1
-1.06979E+1	-5.76099E-1
-1.06915E+1	-5.76092E-1
-1.06785E+1	-5.76093E-1
-1.06570E+1	-5.76088E-1
-1.06370E+1	-5.76087E-1
-1.06117E+1	-5.76087E-1
-1.05703E+1	-5.76082E-1
-1.04608E+1	-5.76057E-1
-1.04580E+1	-5.76058E-1
-1.04563E+1	-5.76053E-1
-1.04480E+1	-5.76044E-1
-1.04337E+1	-5.76044E-1
-1.04108E+1	-5.76038E-1
-1.03475E+1	-5.76032E-1
-1.02859E+1	-5.76020E-1
-1.02198E+1	-5.76011E-1
-1.00945E+1	-5.75992E-1
-9.99439E+0	-5.75980E-1
-9.92871E+0	-5.75969E-1
-9.84941E+0	-5.75951E-1
-9.80074E+0	-5.75946E-1
-9.74508E+0	-5.75938E-1
-9.64635E+0	-5.75924E-1
-9.53944E+0	-5.75907E-1
-9.43536E+0	-5.75897E-1
-9.28696E+0	-5.75878E-1
-9.13129E+0	-5.75846E-1
-8.97900E+0	-5.75830E-1
-8.76405E+0	-5.75793E-1
-8.59335E+0	-5.75760E-1
-8.38248E+0	-5.75753E-1
-8.17207E+0	-5.75711E-1
-7.86546E+0	-5.75672E-1
-7.69865E+0	-5.75644E-1
-7.54579E+0	-5.75609E-1
-7.34021E+0	-5.75581E-1
-7.12402E+0	-5.75546E-1
-6.78359E+0	-5.75502E-1
-6.51578E+0	-5.75465E-1
-6.28248E+0	-5.75424E-1
-5.95955E+0	-5.75370E-1
-5.49127E+0	-5.75330E-1
-4.90276E+0	-5.75226E-1
-4.50189E+0	-5.75145E-1
-4.05462E+0	-5.75071E-1
-3.67015E+0	-5.75002E-1
-3.36014E+0	-5.74929E-1
-3.14537E+0	-5.74863E-1
-2.88242E+0	-5.74785E-1
-2.39992E+0	-5.74635E-1
-2.11043E+0	-5.74562E-1
-1.81415E+0	-5.74471E-1
-1.63294E+0	-5.74342E-1
-1.45062E+0	-5.74273E-1
-1.27059E+0	-5.74153E-1
-1.06815E+0	-5.74051E-1
-8.63548E-1	-5.73881E-1
-6.70494E-1	-5.73711E-1
-5.35061E-1	-5.73599E-1
-4.00879E-1	-5.73473E-1
-2.86311E-1	-5.73287E-1
-1.71035E-1	-5.73187E-1
-1.00646E-1	-5.73014E-1
-5.05371E-3	-5.72932E-1
+7.98136E-2	-5.72709E-1
+1.40098E-1	-5.72587E-1
+2.08303E-1	-5.72363E-1
+2.68214E-1	-5.72221E-1
+3.23924E-1	-5.71924E-1
+3.61130E-1	-5.71726E-1
+3.81562E-1	-5.71401E-1
+3.88747E-1	-5.71145E-1
+3.91374E-1	-5.70923E-1
+3.93767E-1	-5.70822E-1
+3.96391E-1	-5.70718E-1
+4.00752E-1	-5.70507E-1
+4.05342E-1	-5.70012E-1
+4.44041E-1	-5.61303E-1
+4.51041E-1	-5.55013E-1
+4.53520E-1	-5.54271E-1
+4.57372E-1	-5.51189E-1
+4.57461E-1	-5.49996E-1
+4.57580E-1	-5.49887E-1
+4.57669E-1	-5.49798E-1
+4.57974E-1	-5.49658E-1
+4.58446E-1	-5.49301E-1
+4.64207E-1	-5.46478E-1
+4.67605E-1	-5.42320E-1
+4.71007E-1	-5.37370E-1
+4.74226E-1	-5.31719E-1
+4.76739E-1	-5.28143E-1
+4.79873E-1	-5.23710E-1
+4.81229E-1	-5.17998E-1
+4.82975E-1	-5.14196E-1
+4.83245E-1	-5.41582E-1
+4.84827E-1	-5.10415E-1
+4.85865E-1	-5.06190E-1
+4.87100E-1	-5.02930E-1
+4.89255E-1	-5.00463E-1
+4.92177E-1	-4.90505E-1
+4.95971E-1	-4.84527E-1
+4.99195E-1	-4.70086E-1
+5.02246E-1	-4.52045E-1
+5.04896E-1	-4.41973E-1
+5.06320E-1	-4.28334E-1
+5.08421E-1	-4.21394E-1
+5.10732E-1	-4.04942E-1
+5.12900E-1	-3.95181E-1
+5.14240E-1	-3.78527E-1
+5.15813E-1	-3.66305E-1
+5.17771E-1	-3.58704E-1
+5.19788E-1	-3.37618E-1
+5.21691E-1	-3.19472E-1
+5.23225E-1	-3.04559E-1
+5.25029E-1	-2.85525E-1
+5.26973E-1	-2.71118E-1
+5.28509E-1	-2.45289E-1
+5.29776E-1	-2.30817E-1
+5.31154E-1	-2.12213E-1
+5.32535E-1	-1.96630E-1
+5.33680E-1	-1.73624E-1
+5.34255E-1	-1.57676E-1
+5.35286E-1	-1.47551E-1
+5.36222E-1	-1.34684E-1
+5.37108E-1	-1.19698E-1
+5.38244E-1	-1.01266E-1
+5.39311E-1	-8.45652E-2
+5.39977E-1	-6.42906E-2
+5.40940E-1	-4.82292E-2
+5.41633E-1	-3.04153E-2
+5.42664E-1	-2.13114E-2
+5.44169E-1	+2.39053E-3
+5.44988E-1	+3.54980E-2
+5.45968E-1	+5.80384E-2
+5.47106E-1	+7.21185E-2
+5.48351E-1	+1.01643E-1
+5.49622E-1	+1.39036E-1
+5.51057E-1	+1.63442E-1
+5.52124E-1	+2.00401E-1
+5.53090E-1	+2.26767E-1
+5.54542E-1	+2.68428E-1
+5.56033E-1	+3.02073E-1
+5.57701E-1	+3.63589E-1
+5.59395E-1	+4.05288E-1
+5.60690E-1	+4.75269E-1
+5.62288E-1	+5.07256E-1
+5.64197E-1	+5.63784E-1
+5.66272E-1	+6.50382E-1
+5.68305E-1	+7.68376E-1
+5.70286E-1	+8.31137E-1
+5.71787E-1	+9.29884E-1
+5.73322E-1	+1.01237E+0
+5.76069E-1	+1.12722E+0
+5.78772E-1	+1.23090E+0
+5.83531E-1	+1.47836E+0
+5.89471E-1	+1.94716E+0
+5.97470E-1	+2.82045E+0
+6.05286E-1	+2.82045E+0
+6.11983E-1	+3.87545E+0
+6.20925E-1	+4.93078E+0
+6.33931E-1	+6.80985E+0
+6.52620E-1	+8.71318E+0
+6.64077E-1	+1.50024E+1
+6.64150E-1	+1.53703E+1
