-1.09648E+1	-1.10054E-3
-1.09632E+1	-1.09699E-3
-1.09466E+1	-1.09551E-3
-1.09362E+1	-1.09462E-3
-1.09233E+1	-1.09196E-3
-1.09097E+1	-1.09610E-3
-1.08996E+1	-1.09048E-3
-1.08906E+1	-1.09314E-3
-1.08826E+1	-1.08959E-3
-1.08729E+1	-1.09551E-3
-1.08657E+1	-1.08841E-3
-1.08575E+1	-1.09285E-3
-1.08495E+1	-1.08545E-3
-1.08411E+1	-1.08841E-3
-1.08361E+1	-1.08545E-3
-1.08306E+1	-1.08456E-3
-1.08235E+1	-1.08604E-3
-1.08175E+1	-1.08397E-3
-1.08110E+1	-1.08841E-3
-1.08042E+1	-1.07923E-3
-1.07976E+1	-1.08219E-3
-1.07925E+1	-1.07864E-3
-1.07865E+1	-1.08367E-3
-1.07826E+1	-1.08012E-3
-1.07787E+1	-1.08219E-3
-1.07741E+1	-1.08160E-3
-1.07703E+1	-1.08101E-3
-1.07656E+1	-1.07657E-3
-1.07615E+1	-1.07894E-3
-1.07573E+1	-1.07834E-3
-1.07534E+1	-1.07894E-3
-1.07487E+1	-1.07982E-3
-1.07438E+1	-1.08101E-3
-1.07389E+1	-1.07805E-3
-1.07343E+1	-1.07450E-3
-1.07302E+1	-1.07509E-3
-1.07260E+1	-1.07331E-3
-1.07215E+1	-1.07509E-3
-1.07180E+1	-1.07420E-3
-1.07133E+1	-1.07450E-3
-1.07081E+1	-1.07331E-3
-1.07028E+1	-1.07479E-3
-1.06981E+1	-1.07094E-3
-1.06931E+1	-1.07065E-3
-1.06878E+1	-1.07183E-3
-1.06806E+1	-1.07094E-3
-1.06697E+1	-1.06828E-3
-1.06638E+1	-1.07065E-3
-1.06581E+1	-1.06621E-3
-1.06476E+1	-1.06769E-3
-1.06301E+1	-1.06769E-3
-1.05815E+1	-1.06206E-3
-1.05439E+1	-1.05318E-3
-1.05340E+1	-1.05970E-3
-1.05255E+1	-1.05614E-3
-1.05146E+1	-1.05348E-3
-1.04764E+1	-1.05437E-3
-1.03460E+1	-1.04312E-3
-1.03321E+1	-1.03453E-3
-9.89300E+0	-1.03898E-3
-9.45990E+0	-9.84214E-4
-9.14712E+0	-9.33894E-4
-8.95681E+0	-9.19685E-4
-8.73079E+0	-8.92749E-4
-8.55844E+0	-8.72325E-4
-8.39241E+0	-8.53972E-4
-8.19111E+0	-8.34436E-4
-8.00072E+0	-8.21412E-4
-7.78332E+0	-8.03060E-4
-7.59544E+0	-7.86779E-4
-7.30357E+0	-7.56883E-4
-6.97569E+0	-7.26987E-4
-6.62605E+0	-7.00938E-4
-6.34599E+0	-6.64826E-4
-6.04970E+0	-6.50321E-4
-5.85674E+0	-6.02961E-4
-5.63592E+0	-5.86977E-4
-5.45058E+0	-5.64480E-4
-5.32504E+0	-5.46128E-4
-5.18433E+0	-5.33992E-4
-4.88422E+0	-5.24520E-4
-4.49446E+0	-4.79823E-4
-4.08872E+0	-4.59399E-4
-3.64211E+0	-4.04638E-4
-3.20840E+0	-3.62901E-4
-2.81404E+0	-3.32709E-4
-2.65927E+0	-2.71732E-4
-2.53140E+0	-2.12235E-4
-2.40670E+0	-1.89147E-4
-2.32044E+0	-1.43858E-4
-2.25019E+0	-1.16922E-4
-2.18623E+0	-8.02173E-5
-2.13356E+0	-6.54171E-5
-2.07469E+0	-3.01926E-5
-1.99376E+0	+3.25591E-6
-1.89616E+0	+3.07843E-5
-1.82033E+0	+6.36408E-5
-1.74329E+0	+8.58411E-5
-1.66572E+0	+1.34978E-4
-1.57518E+0	+1.50370E-4
-1.48608E+0	+2.10163E-4
-1.38314E+0	+2.63740E-4
-1.25749E+0	+3.01036E-4
-1.14655E+0	+3.82141E-4
-1.05223E+0	+4.11150E-4
-9.53903E-1	+4.94031E-4
-8.35981E-1	+5.64184E-4
-7.74451E-1	+6.11841E-4
-6.86622E-1	+6.79626E-4
-5.91997E-1	+7.12482E-4
-5.21514E-1	+7.97139E-4
-4.60545E-1	+8.21116E-4
-3.87936E-1	+8.89493E-4
-3.10421E-1	+9.64974E-4
-2.32632E-1	+1.00049E-3
-1.65323E-1	+1.10498E-3
-7.75975E-2	+1.20296E-3
-6.25577E-3	+1.26749E-3
+3.18070E-2	+1.35570E-3
+1.00720E-1	+1.44243E-3
+1.38476E-1	+1.50311E-3
+1.92558E-1	+1.58954E-3
+2.45211E-1	+1.65378E-3
+2.90277E-1	+1.80355E-3
+3.31718E-1	+1.88199E-3
+3.60217E-1	+2.13093E-3
+3.70153E-1	+2.23335E-3
+3.76725E-1	+2.30942E-3
+3.83223E-1	+2.45861E-3
+3.87919E-1	+2.52876E-3
+3.91516E-1	+2.76557E-3
+3.93803E-1	+2.85289E-3
+3.95514E-1	+3.01451E-3
+3.96908E-1	+3.08111E-3
+3.98343E-1	+3.13705E-3
+3.99630E-1	+3.29542E-3
+4.00998E-1	+3.35876E-3
+4.02164E-1	+3.51653E-3
+4.03351E-1	+3.58076E-3
+4.04476E-1	+3.75511E-3
+4.05290E-1	+3.82171E-3
+4.06124E-1	+3.87677E-3
+4.07491E-1	+4.00642E-3
+4.08706E-1	+4.08989E-3
+4.09520E-1	+4.31811E-3
+4.10431E-1	+4.37672E-3
+4.10994E-1	+4.54070E-3
+4.11760E-1	+4.59339E-3
+4.12502E-1	+4.75087E-3
+4.13111E-1	+4.82220E-3
+4.13904E-1	+4.88022E-3
+4.15153E-1	+5.06493E-3
+4.16048E-1	+5.18925E-3
+4.16856E-1	+5.43197E-3
+4.17865E-1	+5.52314E-3
+4.18823E-1	+5.64983E-3
+4.19535E-1	+5.92926E-3
+4.20178E-1	+6.02191E-3
+4.20758E-1	+6.12078E-3
+4.21306E-1	+6.32887E-3
+4.21780E-1	+6.40524E-3
+4.31221E-1	+8.37070E-3
+4.35826E-1	+9.58610E-3
+4.37987E-1	+1.04211E-2
+4.38994E-1	+1.16102E-2
+4.40404E-1	+1.22640E-2
+4.40703E-1	+1.25917E-2
+4.42849E-1	+1.31962E-2
+4.47133E-1	+1.39714E-2
+4.52486E-1	+1.76481E-2
+4.55131E-1	+1.89851E-2
+4.55826E-1	+2.15746E-2
+4.57138E-1	+2.25440E-2
+4.59041E-1	+2.33275E-2
+4.61575E-1	+2.61440E-2
+4.64297E-1	+2.78632E-2
+4.66404E-1	-7.96844E-4
+4.67177E-1	+3.19907E-2
+4.68617E-1	+3.41154E-2
+4.69531E-1	+3.62217E-2
+4.70336E-1	+3.70553E-2
+4.71487E-1	+3.77103E-2
+4.72442E-1	+3.99692E-2
+4.74245E-1	+4.11777E-2
+4.76169E-1	+4.53748E-2
+4.77807E-1	+4.78017E-2
+4.79936E-1	+4.94342E-2
+4.81675E-1	+5.50926E-2
+4.83447E-1	+5.71149E-2
+4.84757E-1	+6.26153E-2
+4.86137E-1	+6.46820E-2
+4.87740E-1	+7.01500E-2
+4.88957E-1	+7.28369E-2
+4.90605E-1	+7.77115E-2
+4.92108E-1	+8.08938E-2
+4.93332E-1	+8.73352E-2
+4.94221E-1	+8.99403E-2
+4.94996E-1	+9.14674E-2
+4.95858E-1	+9.56890E-2
+4.96697E-1	+9.73599E-2
+4.97660E-1	+1.02193E-1
+4.98706E-1	+1.04603E-1
+4.99682E-1	+1.10437E-1
+5.00729E-1	+1.13273E-1
+5.01640E-1	+1.16014E-1
+5.02817E-1	+1.23352E-1
+5.04405E-1	+1.27474E-1
+5.05876E-1	+1.32106E-1
+5.06857E-1	+1.43392E-1
+5.08040E-1	+1.46585E-1
+5.09038E-1	+1.56377E-1
+5.09888E-1	+1.60459E-1
+5.11309E-1	+1.63912E-1
+5.12258E-1	+1.69748E-1
+5.13195E-1	+1.81355E-1
+5.14051E-1	+1.85416E-1
+5.14833E-1	+1.94591E-1
+5.15633E-1	+1.98088E-1
+5.16697E-1	+2.02001E-1
+5.18477E-1	+2.16625E-1
+5.19500E-1	+2.35259E-1
+5.20504E-1	+2.35259E-1
+5.22015E-1	+2.35259E-1
+5.22690E-1	+2.60631E-1
+5.23725E-1	+2.69467E-1
+5.24434E-1	+2.75761E-1
+5.25384E-1	+2.80042E-1
+5.27000E-1	+3.00229E-1
+5.28294E-1	+3.11054E-1
+5.29494E-1	+3.19935E-1
+5.30810E-1	+3.45825E-1
+5.32291E-1	+3.58418E-1
+5.33445E-1	+3.71298E-1
+5.35205E-1	+4.00184E-1
+5.36682E-1	+4.15318E-1
+5.38007E-1	+4.50978E-1
+5.39159E-1	+4.65720E-1
+5.40660E-1	+4.77626E-1
+5.42598E-1	+5.21173E-1
+5.44087E-1	+5.43320E-1
+5.46147E-1	+5.97159E-1
+5.47838E-1	+6.30403E-1
+5.49423E-1	+6.53352E-1
+5.50769E-1	+7.06176E-1
+5.52267E-1	+7.27793E-1
+5.53984E-1	+7.54750E-1
+5.56015E-1	+8.27867E-1
+5.58291E-1	+8.65803E-1
+5.59895E-1	+9.15405E-1
+5.62615E-1	+1.02262E+0
+5.64445E-1	+1.08936E+0
+5.66633E-1	+1.14688E+0
+5.69029E-1	+1.29512E+0
+5.72212E-1	+1.39621E+0
+5.74294E-1	+1.50405E+0
+5.76412E-1	+1.60566E+0
+5.78475E-1	+1.71738E+0
+5.79788E-1	+1.90713E+0
+5.83677E-1	+2.00973E+0
+5.85000E-1	+2.14946E+0
+5.87828E-1	+2.43183E+0
+5.91476E-1	+2.43183E+0
+5.94159E-1	+2.43183E+0
+5.96267E-1	+2.91918E+0
+6.00546E-1	+3.12659E+0
+6.08021E-1	+3.89731E+0
+6.12800E-1	+4.39049E+0
+6.19264E-1	+4.93737E+0
+6.26847E-1	+5.64205E+0
+6.35956E-1	+6.68659E+0
+6.50461E-1	+1.00828E+1
+6.62962E-1	+1.23657E+1
+6.63016E-1	+1.45090E+1
+6.63057E-1	+1.53405E+1
+6.63110E-1	+1.53540E+1
+6.63116E-1	+1.53803E+1
+6.63146E-1	+1.53850E+1
+6.63157E-1	+1.54019E+1
